     N       ID            S1G1            S1G2            S1G3            S2G1            S2G2            S2G3        DETECTOR                    
     1      459        1994.098        3236.017         586.190         357.405        1486.377         381.635           S1
     2      612         296.504         190.128          89.204        1914.523        3122.141         747.327           S2
     3      656         973.671        4614.451        2329.542        8059.683       16494.231        5154.954           S2
     4      907          31.977        2051.712        5226.023       37840.982       58771.055       31314.666           S2
     5      977       31113.389       46654.641       17588.218        2246.383       13538.883        9379.908           S1
     6      980       13561.841       10818.647        1930.647          62.606         481.246         561.600           S1
     7     1008       19541.523       29245.607       11989.949          76.015         451.556         561.219           S1
     8     1011        4482.081        2936.808         504.281          64.296         261.928         107.464           S1
     9     1163       26738.467       47571.719       20731.371        6773.266       22891.519       13935.749           S1
    10     1205       15003.199       18273.799        5262.798        7926.702        6370.975        2074.010           S1
    11     1217       16927.290       14476.059        3801.347         551.261         707.453         289.270           S1
    12     1227       13460.838       19348.528        8163.864         314.335        1884.923        2024.320           S1
    13     1230        1956.195        4349.231        1822.133          77.526         394.923         220.804           S1
    14     1292         367.479        1839.005         622.551        8101.850        7869.661        1422.437           S2
    15     1428        2465.782       12021.559       13563.285          26.677        5004.884       14251.218           S1
    16     1439         104.633         201.296         107.894       19120.413       10481.310        1387.811           S2
    17     1519         145.535        1876.831        2278.839       45691.441       42615.842       12696.928           S2
    18     1668          59.773         367.493         152.329       10793.475        6690.938        1028.944           S2
    19     1710       40927.908       39021.264       18244.881         357.713        2188.901        4176.329           S1
    20     1780       17454.507       23589.312        6575.717        2565.098        8709.319        4542.335           S1
    21     1871         335.261         673.248         187.266         923.626        1454.916         386.212           S2
    22     1958         106.464         495.436         342.457       12190.210       13199.861        2725.070           S2
    23     2008        2862.552        5994.723        3083.043        2585.697        5569.263        3350.839           S1
    24     2010        1569.052        2432.979         787.333          65.485         215.085         152.951           S1
    25     2012       12472.712       22377.130        4920.262       55971.035       54701.236        9892.934           S2
    26     2191        1127.600        2646.752        3124.503        2269.948        6033.143        7275.869           S2
    27     2391         970.917        1060.711          94.190         981.475        1427.155         199.047           S2
    28     2462        2446.744        2660.815         521.425         170.848         696.845         288.056           S1
    29     2464         342.314         236.855         150.940        5006.302        3822.787        1495.751           S2
    30     2465        2422.258        4570.298        2074.477          86.108         701.739         945.926           S1
    31     2474       13209.445       22200.986        9603.479         446.204        1595.629        1954.417           S1
    32     2508        2085.640        3441.896         869.663         369.205        1434.123         819.291           S1
    33     2520       17895.528       13978.874        3213.428          58.821         449.938         264.265           S1
    34     2531        8330.814       10286.468        3554.595          41.945         526.038         723.161           S1
    35     2533         283.565        1241.512         589.500        5699.795        6681.056        1571.486           S2
    36     2542        1375.863        2468.426         704.567          93.877         437.194         394.874           S1
    37     2560          36.384         268.012          78.367       18702.866       13870.232        1348.277           S2
    38     2566        5457.435        8133.256        3944.207         145.575        1322.720        1675.378           S1
    39     2580          43.994         114.067         141.943        4617.682        4402.460        1496.465           S2
    40     2587        2609.777        4362.358        3281.418         428.529        1076.258        1281.691           S1
    41     2599         558.593        2789.413        2026.931       11409.752       14342.180        5508.458           S2
    42     2600        1514.906        1653.568         271.327          49.168          67.752          58.720           S1
    43     2620         188.698         468.259         195.940         387.625         898.209         418.370           S2
    44     2626          19.078         447.714        1325.586        5417.874       10525.372        5776.083           S2
    45     2630        3848.001       16451.801       11875.950       32258.862       53845.674       25508.143           S2
    46     2639         109.511         173.646          94.752        2075.698        1665.721         321.991           S2
    47     2663          77.473         768.485        1239.578       13034.799       22017.367       10380.952           S2
    48     2668       27327.141       16272.287        2691.531         374.048        1643.377         687.613           S1
    49     2673         563.083         259.509         110.040       12876.032       10341.179        2644.615           S2
    50     2721          44.169         100.660          95.416        2109.395        1751.427         449.953           S2
    51     2725       12102.687        9442.993        2417.319         457.202        2154.651        1401.424           S1
    52     2737        3115.189        2638.866         820.395          30.340         313.224         314.155           S1
    53     2763        2937.533        4995.662        1630.748           9.936         238.321         399.703           S1
    54     2764         251.711        1214.623         712.508       13245.185       13361.427        3756.590           S2
    55     2771         897.606        1544.196         553.138        2559.274        4411.467        1492.550           S2
    56     2772         568.979         312.818         158.348        9260.862        7765.692        1373.503           S2
    57     2775          48.758         114.794          81.691        1066.883         948.324         341.261           S2
    58     2795       29971.521       55241.523       29314.377         130.097        2481.984        6200.091           S1
    59     2800        3943.523        3836.353        1592.942         776.274         889.536         660.820           S1
    60     2815        9860.743       12223.815        5903.717         407.228        2942.601        3575.005           S1
    61     2816         196.429        1056.189         266.442        8619.947       11744.782        2337.737           S2
    62     2828         132.052         338.893         465.792        6562.177        7985.626        2593.024           S2
    63     2842        4260.336       13031.431        8153.260       11438.233       23870.274       12357.865           S2
    64     2851          36.982         245.380         350.771        9918.940       10199.723        3685.259           S2
    65     2868        6414.876       10014.020        5618.046         255.024         971.326        1303.000           S1
    66     2875       15944.365       16450.419        3417.931          68.068         386.134         484.876           S1
    67     2883       16668.672       21696.062        5303.190          59.424        1087.129        1196.163           S1
    68     2886         201.801         305.296         289.065        5890.366        8239.541        2017.216           S2
    69     2912          45.255         347.790         278.684       16081.853       12158.358         914.005           S2
    70     2932          41.850         240.758         120.204        1366.824        1700.693         662.195           S2
    71     2935         676.101        1516.399         562.566        1937.462        2088.020         852.638           S2
    72     2937         248.942        1517.393        1485.994        4234.971        8326.579        5192.746           S2
    73     2938        3086.458        6290.457        2628.440        1028.058        3200.574        2151.555           S1
    74     2939         173.793         128.741          79.801        3912.535        1776.581         375.527           S2
    75     2945         111.820         473.575         321.661         603.762        1735.988         893.343           S2
    76     2950         227.766         798.336         479.692         747.675        1681.349         636.000           S1
    77     2982        3213.777        3574.358         841.554        2654.395        3899.667         981.694           S2
    78     2990         979.235        8574.413       12650.566       63870.030      110579.052       63396.461           S2
    79     2991          36.369          86.135         185.900        2911.156        3439.680        1595.895           S2
    80     2995         359.519        1255.582         927.761        5446.836        7529.815        2627.462           S2
    81     3002       39403.389       26721.287        7310.272         234.520         640.147         697.937           S1
    82     3003         962.643        1093.387         233.899         405.859        1080.850         442.967           S2
    83     3004         956.569         795.598         121.603         685.638         850.010         257.747           S2
    84     3010          86.735         564.256         724.348        8836.129       13970.352        6230.635           S2
    85     3015         606.964        2015.040         919.255        3286.528        7908.574        2908.695           S2
    86     3024        1289.064        1822.092         742.749          92.979         733.698         574.648           S1
    87     3025          47.807         143.277          69.339        1909.997        1827.493         459.224           S2
    88     3029         482.877        2062.833         992.028        7532.884       11527.511        3498.866           S2
    89     3030         658.085        3865.082        2920.286        9704.159       19803.824        8970.360           S2
    90     3032        1096.412        2940.032        2502.347         654.279        2052.188        1739.129           S1
    91     3038        2143.243        1903.185         568.620          85.498         201.560         151.177           S1
    92     3040        3963.884        8732.025        4785.001        3955.849       10631.846        6539.608           S2
    93     3041       21452.422       29648.488       10988.993          89.739        1827.801        3237.675           S1
    94     3045         242.439         714.572         340.034        1492.332        2949.271        1140.501           S2
    95     3064        1604.117        4387.217        1889.014        6124.987       11011.489        3723.829           S2
    96     3062        4648.647        3167.339         359.418         204.144         220.225         119.432           S1
    97     3067       17186.430       21479.864       10777.801          86.125         503.807        1225.953           S1
    98     3068        2739.600        2788.510         573.211         531.007         410.993         153.072           S1
    99     3071         199.640         648.600         280.681        1414.376        2651.796        1002.111           S2
   100     3072         145.739         177.400         151.760        1355.456        1969.853         591.056           S2
   101     3075          63.541          59.273          50.889        1402.158        2121.065         752.322           S2
   102     3084        4837.856        5776.457        2167.474          32.111         214.220         213.798           S1
   103     3087         246.662         274.186         154.111        2651.323        3831.387        1681.679           S2
   104     3090          79.872         806.113         833.345       21655.535       22685.738        6620.001           S2
   105     3095       17338.299       13973.035        1485.011         749.709        2797.039        1084.437           S1
   106     3096        3963.002        3957.674        1262.966          72.598         476.132         482.720           S1
   107     3097         225.056         545.803         494.421        7049.168       11140.384        5042.327           S2
   108     3101         455.455        2544.483        1864.566        1729.091        5388.483        3221.761           S2
   109     3120       31327.599       31169.834        7975.645         221.103         748.194         877.439           S1
   110     3129        1354.560        3396.038        2278.167        1308.468        4020.932        2947.498           S2
   111     3142         706.842        3348.058        3039.448       12757.654       24103.469       11914.113           S2
   112     3145         393.174         827.991         176.668        1125.991        1994.828         489.316           S2
   113     3149        3307.105        6225.867        2511.422         103.136         775.531         808.209           S1
   114     3151        2926.891        7668.370        5992.396       14393.736       28539.468       14175.095           S2
   115     3153       10876.811       13754.176        7364.462         209.093         709.354        1119.341           S1
   116     3156         434.530         721.415         387.311        5809.614        6550.224        1528.876           S2
   117     3157        5067.935        9425.408        5465.956         214.474        1547.309        2291.370           S1
   118     3160       13785.606       32883.153       12501.135       38037.631       72430.705       26605.775           S2
   119     3166         545.152        1044.661         486.559       12325.028       12629.983        1639.143           S2
   120     3168        1071.483        3659.409        1060.803       10117.071       15891.066        3405.443           S2
   121     3190         854.592        3306.536        2559.526      146934.528      106309.858       24014.250           S2
   122     3193       26442.435       24697.060        7577.055         925.501        3994.772        3560.109           S1
   123     3195         368.918        1480.258        1363.189       21524.226       27843.272        9724.475           S2
   124     3198         223.448         245.941         163.769        5632.502        4873.017         990.849           S2
   125     3202        1558.040        2249.170        1447.985          98.173         404.492         562.087           S1
   126     3210        1171.270        3147.316        2166.755         467.893        1806.002        1836.571           S1
   127     3214          39.610         119.214          76.758         459.851         572.189         160.438           S2
   128     3218         765.121        1396.571         413.841         190.272         149.197          56.364           S1
   129     3219         167.126         498.564         395.801        5491.084        4843.396        1377.839           S2
   130     3228       30617.579       47915.117       21367.910         261.719        3241.784        5470.654           S1
   131     3230         453.085        1583.632        1314.346          80.077         287.900         342.491           S1
   132     3231        1024.032        1644.059         565.553         101.283         572.852         461.176           S1
   133     3232         116.365         597.526         532.418        9035.083       11161.014        4426.669           S2
   134     3234        1763.873        1829.604         310.631        1696.340        2630.962         636.151           S2
   135     3237          37.493         250.863         192.004        2914.965        2659.846         900.430           S2
   136     3248        5182.859        6343.685         984.858        3818.070        6499.305        1855.725           S2
   137     3251       12977.094        6018.430         919.095         379.485         924.608         508.527           S1
   138     3259        4280.876        4559.457        1347.855          36.760         362.389         398.022           S1
   139     3261          38.273         765.880        1354.356        3569.013        6950.943        4590.760           S2
   140     3265        7097.513       14036.700        7499.930         512.575        3147.795        3786.548           S1
   141     3286         248.404         538.220         168.300          12.880         146.571         181.323           S1
   142     3294        1666.021        7213.003        5813.992        3799.798       13235.178       10634.738           S2
   143     3297        2396.634        5265.668        4640.899        2034.030        5509.698        5416.847           S1
   144     3307          29.591         462.831         537.743        7357.639        8135.549        2985.117           S2
   145     3310        3683.041        6334.691        4354.614         118.396         637.376        1177.476           S1
   146     3312       25100.751       15032.608        3227.536         843.109        2753.132        1210.081           S1
   147     3320        1940.050        2575.106         831.277          28.599         245.474         319.406           S1
   148     3328        1669.305        5343.304        5782.705       45216.053       66037.194       31112.132           S2
   149     3329       20819.633       38861.490       18337.368        1148.349        6891.423        7945.324           S1
   150     3336        5189.684        6173.772        1121.529         810.167        2452.342         988.459           S1
   151     3342       18117.635       30383.059       14567.545       16493.187       31688.350       17921.254           S2
   152     3345        1467.045        1899.963         506.318        2283.418        3629.684        1260.153           S2
   153     3346        1413.935         774.521         229.029       11338.023        9301.810        2199.036           S2
   154     3353        2848.393        4127.934        1271.938        2379.723        4809.392        1522.473           S1
   155     3357          88.983          55.868          32.304         219.884         377.390         255.491           S2
   156     3361        7408.308       11019.176        6390.302        1585.687        5137.581        5075.979           S1
   157     3364       29048.957       24636.394        5795.378         843.457        2774.559        1940.656           S1
   158     3369          22.985          33.996          33.364         847.700         818.694         172.317           S2
   159     3370        3442.151        4274.411        1755.457         558.883         767.812         452.052           S1
   160     3379          48.616         198.731         136.639        2865.436        3994.180        1498.490           S2
   161     3391         795.566        1828.277        1148.587        9700.820       12493.472        4004.275           S2
   162     3402         445.871         540.547         171.329        5598.493        3857.260         911.134           S2
   163     3430        1633.463        1301.453         830.776        3374.352        5691.385        3156.661           S2
   164     3432         270.461         248.703         164.598        4175.137        2913.067        1255.543           S2
   165     3436       11804.270        3141.499         417.067         135.390         329.741         201.983           S1
   166     3440         257.183        1614.178         690.144       31903.290       42688.028        8523.466           S2
   167     3442         308.929        1057.211         568.908        6695.305        9148.715        2554.253           S2
   168     3462         199.251         677.739         393.281       13063.464       13115.408        3197.020           S2
   169     3469         436.364        3182.097        1849.518       19208.970       24759.415        6896.173           S2
   170     3477          52.321         597.692         567.854        8808.236       11881.973        4401.854           S2
   171     3478        6046.729        8456.400        3162.339         223.094        2180.232        2423.328           S1
   172     3480        9021.284        8687.587        1796.776         310.825        1399.513         709.773           S1
   173     3484        5646.778        8372.825        4950.548         265.113        1905.258        2954.214           S1
   174     3487        1576.734        3579.794        1620.944         606.625        1760.761        1249.106           S1
   175     3493         562.445        1198.400         963.566           8.039         228.426         552.707           S1
   176     3502       48582.506       49550.476       21430.327          72.378        2319.174        7187.830           S1
   177     3509         194.855         830.694        1002.579        6679.003        9448.963        4295.133           S2
   178     3535        7708.705        3916.262         929.883          95.893         367.698         393.762           S1
   179     3549         226.570         917.643         470.779        3608.768        5665.486        2267.531           S2
   180     3570        1607.709        1109.853         169.240        1301.944        1644.903         207.460           S2
   181     3572          87.377         411.796         258.935        3998.140        3774.063        1439.809           S2
   182     3575       12886.048       14040.361        4623.949         792.101        3431.385        2576.235           S1
   183     3586        5037.601        4189.331         914.736        1881.712        2784.981         815.812           S1
   184     3605         219.691         865.168         640.164        6228.158        9246.649        4403.748           S2
   185     3615          50.735         559.484         504.087        2168.598        3492.945        1683.450           S2
   186     3639       12047.467       19028.209        9333.267       10810.263       26991.221       16584.233           S2
   187     3645        1826.697        2379.674         928.784         288.910         749.057         551.784           S1
   188     3664       36184.706       43291.649       27500.443          36.484         810.598        3542.492           S1
   189     3666         411.588         442.110         436.757        7113.057        5173.169        1349.191           S2
   190     3669      154689.889       66745.649        9372.366         115.153         730.595         519.737           S1
   191     3691          34.306         262.315         389.244        4954.270        5737.341        2037.739           S2
   192     3693        3631.703        5159.474        1540.552         106.851         735.633         678.949           S1
   193     3717        2060.158        3755.480         985.151        9236.299       16654.037        4830.105           S2
   194     3722          87.581          65.864          43.688        6279.962        4206.346         382.712           S2
   195     3725       11918.462       17240.215        7582.507        2869.956        7693.923        5997.988           S1
   196     3743        1188.904        1274.396         176.496         762.771        1407.718         306.812           S2
   197     3748          83.289         143.230         225.519        4731.895        4012.557        1554.881           S2
   198     3752          82.831        1951.110        2823.226        7542.155       14226.472        9411.422           S2
   199     3753       18636.531       32159.238       11016.181       56464.290       69594.804       22205.241           S2
   200     3755        1197.618        2230.805        1769.624          25.087         174.200         394.651           S1
   201     3757        5625.188       14154.276        7448.398           7.210        2679.870        8619.883           S1
   202     3758      106297.268       20454.556        2625.635         686.418         784.730         512.938           S1
   203     3761        7394.513       14752.710        7332.575         160.757        1242.598        2013.513           S1
   204     3767        1170.432        2415.067        1177.456          16.586         160.333         267.080           S1
   205     3784       30697.883       24190.109        5880.847          25.312         578.678        1196.898           S1
   206     3785       24601.138       97201.337       90278.391      206126.318      410854.292      267213.435           S2
   207     3790         767.599        3092.930        2054.541       23178.355       35824.878       14228.703           S2
   208     3793       22696.579       30031.121       15168.607        3028.672       10767.129       10856.102           S1
   209     3794        6365.883       17670.353       17457.022       12068.702       42126.721       50801.242           S1
   210     3801          53.249         595.887        1180.374       16131.758       24240.012       12731.245           S2
   211     3802         221.849         699.427         209.979        7921.406        9222.300        2193.799           S2
   212     3805        4301.306        8469.694        6208.744        2576.727        6681.802        6390.845           S2
   213     3804         380.807         271.325         103.294        6195.679        4303.520         758.937           S2
   214     3808        3599.201        1649.928         315.249         335.373         214.797          84.501           S1
   215     3810       24552.576       36006.303       20314.168       11588.872       25631.426       19299.105           S1
   216     3812       14131.951       19096.022        9944.952         554.007        1799.803        2249.697           S1
   217     3813        7716.996        4252.084         816.271         292.217         673.579         479.829           S1
   218     3824         218.737         187.399          60.288        3316.552        3391.881         399.987           S2
   219     3837         890.307        2390.494         482.369        5347.085        8289.688        1921.652           S2
   220     3839        4798.273        3258.939         682.901         145.300         383.995         230.547           S1
   221     3840         185.499         216.828          78.174         399.060         559.368         152.580           S2
   222     3843       14457.503        9129.983        1154.573          11.641         128.909         216.748           S1
   223     3852       10550.272       14035.601        5750.512       12143.477       17155.873        8082.583           S2
   224     3853         172.513        1465.146        1208.783       13776.933       19424.100        6954.984           S2
   225     3856         170.197         328.313         142.151        5912.577        3753.402         624.620           S2
   226     3857         859.948       10131.230       16448.886      106708.683      168017.676       87741.064           S2
   227     3998         172.503         913.946        1079.306        7279.795       13096.499        6377.026           S2
   228     3863       27156.605       54342.984       28019.557         911.397        7726.600       11322.877           S1
   229     3873         127.344        2170.736        4452.204       13679.484       28401.559       21411.149           S2
   230     3880        1125.205         383.939         120.274        6869.069        8662.445        2707.960           S2
   231     3881        7396.712       15056.339        5726.132        4933.203       13647.585        7004.366           S1
   232     3882        1744.145        1263.191         331.194         425.996         647.877         283.371           S1
   233     3886       12419.029        8825.412        2598.238         278.898         276.097         251.490           S1
   234     3895        2675.502        5015.098        2303.731        2496.227        6151.246        3308.793           S2
   235     3902       21121.483       29124.863       10602.171          68.242        1064.828         611.489           S1
   236     3907        1824.379        3545.990        1335.833        8005.087       11134.484        3466.953           S2
   237     3910        2391.249        4858.455        2184.493          56.591         441.140         468.807           S1
   238     3914         996.143        2233.424        1225.661          38.533         143.039         140.756           S1
   239     3919        2618.970        3973.129        1329.736         109.294         475.087         343.384           S1
   240     3921        3160.441        6770.340        3289.741          14.022         790.339        1853.295           S1
   241     3922       29641.195       34009.460       12080.086       13531.815       26763.498       14282.080           S1
   242     3924         713.806        1353.860         529.638        3009.994        5437.433        1720.200           S2
   243     3943        9216.108       15127.327        6735.954       15097.012       26464.460       11721.274           S2
   244     3951       19007.611        9168.977        1567.775         106.296         223.975         190.294           S1
   245     3952         401.015        1747.709         449.372        2870.535        5799.155        2148.827           S2
   246     3956       18868.040       41009.020       43432.206       12723.146       33969.333       41519.431           S1
   247     3962         473.901        1802.752        2239.601        8606.725       13109.294        8470.068           S2
   248     3964        9992.806       14124.301        6711.651         443.617        2744.496        3845.946           S1
   249     3969         362.572        2384.663        3292.448       18280.507       33427.172       20594.353           S2
   250     3970       16915.241       13858.448        3250.259          77.768         372.498         368.378           S1
   251     3972       19023.866       22643.465        8656.865         532.765        3140.964        3682.182           S1
   252     3974         556.218        1701.520         514.461          68.668         291.732         256.967           S1
   253     3976        1454.306        4411.174         773.393       35952.644       31400.684        5185.884           S2
   254     3977          20.227        1416.525        1127.559        4893.147       11817.239        5337.845           S2
   255     3986        2223.936        1855.485         772.544         195.394         265.117         210.965           S1
   256     3987        3744.361        1836.874         769.478       34648.161       26135.213        7280.694           S2
   257     3989        2595.555        5552.571        2732.096        3757.730        7875.411        4141.958           S2
   258     3991         112.645          91.958          35.981         677.361        1066.499         254.294           S2
   259     3992        5377.921        7973.202        2489.655        6891.110       12620.417        4509.758           S2
   260     3993        3942.322        7712.089        2805.066         162.905        1330.176        1381.572           S1
   261     3994        2334.319        1302.743         296.873         176.828         277.676         119.882           S1
   262     3999          22.044          93.344          97.934        1684.821        2601.123         938.218           S2
   263     4020       20291.666       23044.418        7893.977        8649.377       18454.118        8910.704           S1
   264     4022         102.520         432.038         343.602         359.477         918.873         677.009           S2
   265     4028        7382.216        4784.884        1377.956         522.155         639.315         202.689           S1
   266     4029       20642.745       21760.116        4452.326         913.529        3542.109        2611.192           S1
   267     4030         219.890        1221.858        1162.747         604.125        1803.872        1565.948           S2
   268     4031         137.920         788.395         674.782        1027.054        2204.558        1772.877           S2
   269     4033         983.268        1633.108         219.437        2492.820        5236.213         59S1           S2
   270     4035          18.107          50.117          43.663        1616.353        1707.062         393.962           S2
   271     4036        9346.094       16760.353        6524.676       12325.130       24176.894       10811.395           S2
   272     4037          31.187         142.544          88.993         954.585        1866.766         342.590           S2
   273     4038        1571.784        3976.482        1626.074        5838.554       10133.865        3186.781           S2
   274     4043       14830.930       17641.702        3985.023         462.826        3030.323        2266.074           S1
   275     4057       20785.250       18751.855        7142.405         312.033         628.014         803.487           S1
   276     4063        2982.921        2413.497         398.867          43.038          39.254          29.174           S1
   277     4102        1406.277        3771.432        4018.845         643.787        2469.656        3597.212           S1
   278     4107        3508.274        8546.594        3971.438          67.165         930.791        1548.040           S1
   279     4110          23.156         151.537          90.283        1477.982        2455.640         459.763           S2
   280     4113        3162.594        2557.812        1118.292          97.025          95.876          87.174           S1
   281     4115        1113.889        1720.635         675.441          60.415         160.071         111.397           S1
   282     4119       11482.288       22366.255       16169.403        2636.057       10166.339       12274.850           S1
   283     4122        9303.110       14854.669        6796.918       10393.514       12986.202        7522.251           S1
   284     4124       12769.555       18017.315        5808.133        1497.670        6831.705        4949.094           S1
   285     4125       30954.335       27764.771        5802.400         654.360        3713.828        2714.351           S1
   286     4126         206.841        1018.473         604.067        6025.457        9855.859        3816.521           S2
   287     4129        2016.806        3450.536        3288.764         535.069        1827.538        2689.795           S1
   288     4130         166.511         198.249         139.722        5159.543        6304.776        1772.388           S2
   289     4148         165.925         710.019         665.739       14821.330       16963.663        4535.192           S2
   290     4153         160.896        1320.315        1276.277       12707.961       23835.987       10894.590           S2
   291     4160         251.625         578.936         276.098        5256.168        4628.330        1023.342           S2
   292     4161         150.434         378.430         162.378       15903.393        9690.086        1607.125           S2
   293     4167         212.037        1952.839        2934.887       44919.350       52518.336       18847.522           S2
   294     4169       10910.460       16727.053        9234.957         151.849        1699.402        3787.942           S1
   295     4178       23819.634       39105.328       15358.380       19474.535       43669.033       21661.959           S2
   296     4179        2594.087        5080.050        2774.628         345.832        2231.529        2444.863           S1
   297     4190        5194.068       11403.086       10768.024        3267.402        9622.754       11271.652           S1
   298     4195        2378.418        7106.594        5394.703          55.149         324.592         782.781           S1
   299     4197          38.020          99.096          73.183        1921.674        1851.763         197.219           S2
   300     4202        5394.213        5107.576        1578.149        3238.588        3895.092        1722.489           S1
   301     4214       68857.496       64645.243       22652.285         788.020        2519.523        2996.545           S1
   302     4216        4032.977        5212.109        3374.589         107.450         182.133         282.718           S1
   303     4218        3633.703        3363.983        1134.447          10.759         132.467         150.494           S1
   304     4221        1233.815        3788.602        2531.723        1433.807        4394.945        3534.330           S2
   305     4222        3371.448       11004.286        6558.937       10012.146       23182.499       12217.459           S2
   306     4230        1414.136        1320.388         217.329        2099.350        2275.412         576.356           S2
   307     4234       17826.337       21324.068        9328.994           0.667         846.255        5300.096           S1
   308     4239        6806.213        7946.035        2342.988         126.683         485.541         568.667           S1
   309     4242       13263.786       23029.375       12607.093         644.674        2507.828        3511.251           S1
   310     4243         748.412        2281.164        2619.875          15.193         224.286         661.993           S1
   311     4260         144.984         390.799         590.823        8482.815        7066.216        3014.705           S2
   312     4263       18029.384       19643.618        6684.509        1445.983        6143.182        4730.513           S1
   313     4266          90.878         359.770         592.855       10232.262        6617.019        1984.215           S2
   314     4276        2312.245        2887.232         872.723          52.638         437.305         572.711           S1
   315     4286          52.389         597.917         826.999       18345.293       16671.428        5362.162           S2
   316     4288       44439.798       74364.884       38152.004        2276.021       17203.632       23401.510           S1
   317     4289       40476.336       35085.481        9507.006         307.402         550.001         539.016           S1
   318     4292        2962.986        3378.366        1220.567        1023.831        2000.757         949.644           S1
   319     4294         264.637        1175.939         567.380       11755.981        9333.591        1606.273           S2
   320     4299       12836.399       19422.885       13587.686        1474.684        4932.717        7221.623           S1
   321     4306        3780.404        2821.602        1061.769         236.846        1881.554         639.172           S1
   322     4308        1408.610        3064.310         691.155        1681.434        4284.647        1077.029           S2
   323     4314        1726.024        1713.994         842.279          58.334         274.212         291.034           S1
   324     4319        5583.805        7260.433        2503.194         114.939         479.528         496.041           S1
   325     4326         222.058        1315.344         521.452        1277.496        4076.121        1320.709           S2
   326     4330        2616.545        2747.782         694.630         154.159         540.109         265.480           S1
   327     4332       28996.144       31345.160       10588.828          34.867         651.473        1578.130           S1
   328     4333         750.447        1128.713         310.439         100.490         175.763         125.043           S1
   329     4334        4968.786        8567.123        3208.956       14430.178       20497.291        6733.749           S2
   330     4341         249.209        2166.516        3144.660       37609.408       47169.836       20469.845           S2
   331     4355        8795.999       11156.933        2304.375        3072.684        8001.479        3260.337           S2
   332     4361        1455.700        9437.693       12276.623       94946.117      132769.039       65193.508           S2
   333     4364        8750.956       28369.794       23051.891       52554.300      110485.760       68258.261           S2
   334     4370        1783.328         296.915          44.954        5450.342        6081.700        1903.601           S2
   335     4372         108.564         425.984         441.284        7496.679        9225.041        3553.403           S2
   336     4375        1166.536        1873.936         998.468         160.506        1081.401        1235.333           S2
   337     4377         257.810        2569.251        1557.049       53526.276       57988.123       13853.613           S2
   338     4387         129.684         641.661         272.072        8544.710       13597.697        4060.896           S2
   339     4388        8945.039        5863.863        1223.009         173.957         682.698         567.628           S1
   340     4390        4480.744       15969.823       16296.897       80603.200      122518.638       67991.027           S2
   341     4394        9841.721       18686.003       13311.953         170.141        1704.158        4420.634           S1
   342     4396          68.662        1174.169        2310.896       17765.605       26469.296       11322.399           S2
   343     4404        8702.524        8341.624        2050.170          92.033         432.485         438.447           S1
   344     4405        4920.768        5215.237        2027.412        2528.404        4630.752        2464.718           S1
   345     4408          82.180         385.226         200.035         956.944        1271.018         471.725           S2
   346     4409         286.307         332.072         129.942        4923.728        4915.824        1198.393           S2
   347     4411       12748.179       11930.188        3407.640         108.162         267.409         276.943           S1
   348     4412       10987.139       10153.681        3290.514         349.837        2004.266        2136.886           S1
   349     4417          77.856         560.434         559.448        6998.580        8601.562        3110.761           S2
   350     4418       18638.145       10374.660        1741.048        2311.130        5646.417        1487.915           S1
   351     4420          68.076         111.100         119.858        2492.184        2887.220         590.252           S2
   352     4422        3154.535        3122.845        1130.979        7910.432        8802.360        2169.866           S2
   353     4426         266.984         922.979         228.822        3002.465        5336.116        1100.428           S2
   354     4428       12705.045       25907.897        8904.656        2058.885       10898.634        7713.916           S1
   355     4431         141.425         151.909          68.284        6863.593        5035.145        1002.983           S2
   356     4438        6277.291       10937.934        8710.007          53.068        1095.686        4142.984           S1
   357     4443        2859.121        3130.581         876.802          30.971         248.778         318.436           S1
   358     4444        4190.604        4150.945        1868.095         138.288         509.816         748.123           S1
   359     4447         783.443         856.118         253.515        4510.604        2667.445         746.520           S2
   360     4449          50.429         805.077         993.008       12009.931       17346.664        7907.468           S2
   361     4451        1090.754        1462.786         307.006          62.001         108.192          90.168           S1
   362     4452        3270.508        3217.082         973.576          54.020         647.668         639.082           S1
   363     4453        5566.022        4720.564        1127.805          94.611         111.368          80.305           S1
   364     4454       22773.469       30014.694       13638.769         403.345        3396.799        5812.725           S1
   365     4455        2510.736       12094.613        8991.746       24802.170       50913.913       25533.984           S2
   366     4459         880.419        2241.512        1848.972        2512.260        5030.617        3621.766           S2
   367     4462          85.333         704.062         606.019        5013.652        9506.994        3488.307           S2
   368     4465         527.658        2905.160        2222.906        6382.353       14543.850        8295.685           S2
   369     4468          62.767         326.752         185.150       12101.177        7522.484        1438.775           S2
   370     4470         104.411         871.464         995.733         334.974        1412.718        1510.878           S2
   371     4471         437.818        1196.870         842.575        1066.338        2387.596        1378.241           S2
   372     4479        9113.910       17165.663        9273.137        2700.207        9833.329        8921.406           S1
   373     4480       13147.838       32099.618       31027.561        8744.970       28163.790       34070.789           S1
   374     4488        4574.768        7364.390        3821.007          33.208         917.342        2280.265           S1
   375     4492       13824.694       17732.749        7285.054          48.335        1588.589        3207.325           S1
   376     4493          97.533         315.626         259.527       20672.990       13223.897        2218.303           S2
   377     4496         767.653        2331.773        1246.856        1480.704        4446.943        2613.884           S2
   378     4497       41328.489       38844.966       14253.180         897.239        5214.679        6292.227           S1
   379     4498        4448.802        8190.073        5859.302         314.290        1361.207        2240.419           S1
   380     4500       18667.646       22541.686       10867.034         430.854        5196.887        8218.227           S1
   381     4504       80897.222       20440.549        4726.153        1046.221        4480.963        5317.938           S1
   382     4510          64.970         198.663         118.799        9039.784        6852.005        1124.317           S2
   383     4516         591.858        1686.067         586.670        6058.380        6596.974        1254.212           S2
   384     4536         106.428         275.316         111.626        6371.362        4441.969         648.616           S2
   385     4541        5662.375        8207.313        4181.195         771.639        2735.442        2851.970           S1
   386     4546         362.930         728.385         282.015       11064.548        7507.212        1443.896           S2
   387     4548       15563.033       23962.739       13980.065         547.044        3275.471        5349.441           S1
   388     4552       38527.909       38162.106       13092.001        1749.444        7875.520        6842.668           S1
   389     4553         119.063         213.716         194.459        8537.654        6787.922        1302.823           S2
   390     4565        1339.730        2189.932         743.562       33955.696       23155.960        4051.766           S2
   391     4568      265670.722      223175.073       65131.185        8682.073       39787.930       35174.991           S1
   392     4569        4701.587        9163.936        5426.779        1468.900        4867.103        4527.158           S1
   393     4572         433.018         511.546          93.826        1721.217        3014.437         811.715           S2
   394     4574          51.678         559.585         293.539       11085.751       12977.375        3124.905           S2
   395     4579        5813.863        5976.661        2129.849         445.186         419.925         364.542           S1
   396     4581       12493.721       15515.718        5971.454           3.240         344.965        1318.587           S1
   397     4583         582.415        1732.915         496.561        4952.483        4567.135        1428.858           S2
   398     4584         298.903         363.617         205.306        1593.554        2270.399        1531.089           S2
   399     4589         701.640        3207.916        2383.108       25080.370       30624.349        8297.561           S2
   400     4592          26.865         102.036         138.563        1193.658        1793.208        1173.732           S2
   401     4598      116969.487       90902.014       28975.088         507.681        4572.080        8903.788           S1
   402     4599         305.669        1628.946        1821.493        5505.833        9967.396        6990.857           S2
   403     4602          81.372         340.762         238.500        2777.382        4712.088        1753.750           S2
   404     4603       36756.933       49766.098       24992.459         269.481        2933.904        6559.346           S1
   405     4612        1972.979        5042.756        1244.636        9164.125       16097.020        4060.039           S2
   406     4615         372.871        1901.727        1820.574        5534.388       12551.019        7082.448           S2
   407     4619        1164.278        3434.706        2103.226       17219.290       20113.010        7186.211           S2
   408     4621        1636.792        4968.193        3210.823        4093.330       11202.264        6765.230           S2
   409     4622        8668.132        8474.637        1262.485         486.323        1246.998         340.416           S1
   410     4623          2S1         425.030         474.143        2239.453        3317.918        1294.766           S2
   411     4625         370.642        3203.632        1990.270       25766.898       27153.657        8219.181           S2
   412     4627         587.319        1653.194        1067.818        1592.271        4004.143        2087.991           S2
   413     4628         352.895         992.330         973.114         510.968        1711.788        1753.681           S2
   414     4631        7494.944       11255.752        3321.267          48.631         272.607         535.144           S1
   415     4632       15496.896       20739.659       10780.781        3417.938       10229.979        8954.524           S1
   416     4633         271.756        1060.337         308.368        8715.215       10369.977        2498.047           S2
   417     4635          85.131         610.751         219.806       14566.334       13093.100        3894.384           S2
   418     4644        2379.353        2733.045        1125.536         584.563        1891.865         935.210           S1
   419     4647        1034.381        4931.907        2892.527       10526.515       21855.475        9896.975           S2
   420     4648       20581.561       22199.965        7985.524        2544.874        8512.780        6165.669           S1
   421     4653        2227.866        4828.416        3549.886          42.558         271.836         633.819           S1
   422     4654        1440.340        1686.412         593.130          15.761         103.080         154.706           S1
   423     4660          70.810         202.161         101.547        5835.261        4499.619         807.349           S2
   424     4661        6636.256        6766.171        1331.542         490.180         499.318         223.389           S1
   425     4662        9683.989       11391.073        4226.631        1411.634        1791.930        1423.143           S1
   426     4668          65.696         431.259         272.518        5397.184        8995.812        2094.923           S2
   427     4674        2174.508        4806.159        3489.482         588.264        1027.627        1133.817           S1
   428     4676       32715.095       48469.066       24584.873       23617.696       46956.812       29805.859           S2
   429     4682       39796.765       20592.130        3777.990         965.907        3079.054        1594.720           S1
   430     4694         269.930        1506.968        1263.999        2425.062        4902.928        2635.393           S2
   431     4696       24290.696       37555.633       15347.209       21846.543       45209.260       21191.124           S2
   432     4703        2222.770        5580.583        2463.988        1739.320        5736.948        3507.150           S2
   433     4708       14846.979       26242.699       11523.296         952.672        6954.672        7704.592           S1
   434     4707        4679.286       23622.753       23495.862      112389.519      171237.294       89490.494           S2
   435     4710        2001.836        2873.569        1655.148         153.391         408.865         518.398           S1
   436     4713       22084.600        9446.261        2333.572         306.495         487.612         352.287           S1
   437     4717        5056.659        7730.807        4156.440         119.493         781.245        1313.508           S1
   438     4719        6502.119       11382.948        4739.928          91.685        1184.919        1806.493           S1
   439     4728       43373.788       37598.255        8370.323       39982.132       46365.503       12883.445           S2
   440     4730        1059.668        1696.466         532.696        9787.335        7216.432        1977.494           S2
   441     4732       25395.879       34700.721       21594.042        5183.742       15839.738       17088.064           S1
   442     4734       54051.908       37429.945        4147.031         267.484        1549.556         773.602           S1
   443     4735        4351.731        5261.090        1234.662        2180.857        4473.725        1903.826           S2
   444     4738         223.207        1150.507        1016.752       10736.948       16246.243        6890.755           S2
   445     4739         259.902         551.516         241.939       12822.943       10355.829        1840.723           S2
   446     4740        3009.132        2382.891         641.672        2019.635        3492.298         923.060           S2
   447     4742        1347.097        1492.583         304.026          64.212         319.814         185.521           S1
   448     4743       71540.178       94861.365       54122.244        1471.779       10887.386       20795.482           S1
   449     4745       11163.740       10877.756        3753.879        1904.197        4813.297        2904.683           S1
   450     4746          95.683          52.449          26.471        1941.150         769.503         230.034           S2
   451     4747         177.842         371.567         182.284        4543.408        3940.977        1693.698           S2
   452     4750       35767.842       59432.804       39364.328        4937.228       20846.914       27646.839           S1
   453     4752        1870.330        3204.655        1803.106        1298.727        3095.046        2140.319           S1
   454     4753         102.435        1189.271        1164.746        7336.994       16443.721        7538.853           S2
   455     4754          15.570         618.298         641.109        9308.739       12946.407        5150.354           S2
   456     4760        2520.320        1454.259         254.594          18.939          58.656          55.169           S1
   457     4761       17908.850       35786.518       19818.585         245.645        3018.549        6195.869           S1
   458     4769        9927.158        6698.408        2059.493         230.653         639.015         394.884           S1
   459     4771          43.587         279.824         377.200        5660.781        6556.655        1815.591           S2
   460     4784         437.113        2603.065        2544.216       29148.366       36365.699       14715.499           S2
   461     4787        6220.341        8747.879        2295.960         215.927        1402.592        1050.117           S1
   462     4789       25106.517       15652.334        2191.868         227.161         693.465         594.319           S1
   463     4791        8327.708       26164.448       21909.629       33902.762       61562.245       40413.937           S2
   464     4792       20084.540       27347.214       11313.824         690.389        3989.910        4723.650           S1
