RG2_S1_LU_nom_1 0.229 1 0.0412540787 55   -1.7202222231   3.8920311119   -3.2114264072   1.0333916191
RG2_S1_LU_nom_2 2.233 2 0.0667524425 55   -1.9617016078   3.825975315   -2.7199685314   0.8052991804
RG2G3_S1_LU_nom_1 0.574 1 0.0931603784 55   -1.9856762114   4.1868977554   -3.5912361977   1.4129692737
RG2G3_S1_LU_nom_2 4.21 2 0.1145475258 55   -1.9489235997   3.8713900493   -3.071610644   1.1638270164
RG2_S1_HR_nom_1 0.595 1 0.0445041591 55   -2.8699417072   5.7386971306   -4.0070898095   1.0819637438
RG2_S1_HR_nom_2 1.964 2 0.0756589425 55   -1.2706979796   2.6943776761   -2.2028280481   0.7598957738
RG2G3_S1_HR_nom_1 1.048 1 0.0725101295 55   -4.6461446789   9.2647831261   -6.6465644824   1.9776928567
RG2G3_S1_HR_nom_2 3.17 2 0.1041531006 55   -1.2586618824   2.9691201686   -2.7538031707   1.1373927834
RG2G3_S1_1 153.812 1 0.52302938 80   7.1426e-06   -0.0009887823   0.0414684167   -0.3871212001
RG2G3_S1_1 153.812 1 0.52302938 80   7.1426e-06   -0.0009887823   0.0414684167   -0.3871212001
RG2G3_S1_1 153.812 1 0.52302938 80   7.1426e-06   -0.0009887823   0.0414684167   -0.3871212001
