RG2_S2_LU_nom_1 0.229 1 0.0418850594 59   -1.3294063064   3.443453176   -3.0486833969   0.9511026094
RG2_S2_LU_nom_2 1.536 2 0.0507712332 58   -0.5878289554   1.9349999113   -2.0258633463   0.7214327776
RG2G3_S2_LU_nom_1 0.218 1 0.0482663685 59   -1.5094751124   3.8866846027   -3.4674083259   1.1530821627
RG2G3_S2_LU_nom_2 2.354 2 0.069552848 58   0.600414033   -0.0567474893   -1.0881941665   0.6848907747
RG2_S2_HR_nom_1 0.362 1 0.0299587143 59   -1.4870335512   3.7712965391   -3.2018328705   0.9412628007
RG2_S2_HR_nom_2 1.303 2 0.0661015782 58   -1.2437539473   2.897074218   -2.4224095495   0.7756927567
RG2G3_S2_HR_nom_1 0.379 1 0.0377593772 59   -2.2289974929   5.5525746124   -4.5789185765   1.3302296724
RG2G3_S2_HR_nom_2 2.072 2 0.0830876372 58   -0.0393949069   0.9050210749   -1.4981251989   0.7442368209
RG2G3_S2_1 83.185 1 0.3239056688 87   -3.1495e-06   0.0004996463   -0.0189900982   0.2425690685
RG2G3_S2_1 83.185 1 0.3239056688 87   -3.1495e-06   0.0004996463   -0.0189900982   0.2425690685
RG2G3_S2_1 83.185 1 0.3239056688 87   -3.1495e-06   0.0004996463   -0.0189900982   0.2425690685
